2016 01 04 11 51
2016 01 09 22 12
2016 01 09 23 35
2016 01 14 07 30
2016 01 17 00 28
2016 01 19 21 05
2016 01 21 23 50
2016 01 23 08 51
2016 02 05 11 34
2016 02 10 12 15
2016 02 12 11 12
2016 02 21 00 28
2016 02 24 18 11
2016 02 25 06 19
2016 03 09 20 14
2016 03 10 23 14
2016 03 11 03 30
2016 03 17 08 31
2016 03 18 06 11
2016 03 25 00 46
2016 04 03 23 28
2016 04 23 10 22
2016 04 27 17 42
2016 05 05 01 51
2016 05 05 07 24
2016 05 08 15 32
2016 05 12 23 49
2016 05 18 19 58
2016 05 25 05 38
2016 05 27 16 55
2016 05 28 22 50
2016 06 01 12 49
2016 06 08 04 17
2016 06 08 07 05
2016 06 19 08 40
2016 06 23 11 16
2016 07 07 18 07
2016 07 13 12 21
2016 07 18 00 50
2016 07 28 07 07
2016 08 03 15 35
2016 08 03 23 24
2016 08 09 12 57
2016 08 14 06 47
2016 08 15 06 08
2016 08 19 05 47
2016 08 23 21 10
2016 08 25 16 51
2016 08 25 21 13
2016 09 01 20 36
2016 09 11 14 21
2016 09 18 20 47
2016 09 20 00 35
2016 09 23 01 08
2016 10 02 23 31
2016 10 20 23 13
2016 10 27 14 56
2016 10 28 22 52
2016 11 01 03 36
2016 11 02 13 52
2016 11 10 18 01
2016 11 18 04 34
2016 11 20 09 04
2016 11 27 20 13
2016 12 05 01 33
2016 12 12 19 06
2016 12 18 12 20
2016 12 19 20 28
2016 12 20 14 12
